NAME  eil13
COMMENT  (Eilon et al, Min no of trucks 4, Best value 290)
TYPE  CVRP
DIMENSION  13
EDGE_WEIGHT_TYPE  EXPLICIT
EDGE_WEIGHT_FORMAT LOWER_DIAG_ROW 
DISPLAY_DATA_TYPE NO_DISPLAY
CAPACITY  6000
EDGE_WEIGHT_SECTION
0    9    14    21    23    22    25    32    36    38    42    50    52
9    0    5    12    22    21    24    31    35    37    41    49    51
14    5    0    7    17    16    23    26    30    36    36    44    46
21    12    7    0    10    21    30    27    37    43    31    37    39
23    22    17    10    0    19    28    25    35    41    29    31    29
22    21    16    21    19    0    9    10    16    22    20    28    30
25    24    23    30    28    9    0    7    11    13    17    25    27
32    31    26    27    25    10    7    0    10    16    10    18    20
36    35    30    37    35    16    11    10    0    6    6    14    16
38    37    36    43    41    22    13    16    6    0    12    12    20
42    41    36    31    29    20    17    10    6    12    0    8    10
50    49    44    37    31    28    25    18    14    12    8    0    10
52    51    46    39    29    30    27    20    16    20    10    10    0

DEMAND_SECTION
1 0
2 1200 
3 1700 
4 1500 
5 1400 
6 1700 
7 1400  
8 1200 
9 1900 
10 1800 
11 1600
12 1700 
13 1100
DEPOT_SECTION
1
-1